425933644 4
425937691 3
38820496 2
183596242 4
206544316 3
201789285 1
426588729 0
453831755 0
257605131 2
257605131 2
178938417 3
299096773 1
316916655 1
14091633 2
146559012 3
146559015 3
77951245 3
177309964 2
441420236 0
289840928 0
79403459 2
234284556 3
332517282 2
410214984 3
410214986 3
224283342 3
234295610 3
286864983 1
308186412 1
93000166 2
391728166 1
72178248 3
127315102 1
128079374 1
129116176 1
129419398 2
148158540 1
159864583 2
160150808 1
162585282 2
166527623 2
241626984 3
243192504 2
243391162 2
243391171 2
291651765 4
307610438 1
30993392 2
310556491 3
320570157 2
320855910 2
323292655 0
331183881 2
332793697 2
335452175 2
338465029 3
391728166 1
434664688 3
438790187 2
438790188 2
448852739 4
48227278 0
133701671 2
161786522 1
177631209 0
212201942 0
212461524 2
255350388 1
280055342 1
338104678 0
364200513 1
374732772 1
383390264 0
193831684 1
254045302 0
360156606 2
460205581 0
130415266 0
360630575 1
283677584 0
148081650 1
21165132 3
72178247 3
148646689 1
405513314 3
